120.3 121.5 122.1 121.8 120.9 121.2 122.4 123.0 122.7 121.9 121.1 120.8 121.3 122.0 121.6 120.5 119.8 120.1 121.2 122.0
121.0 122.3 123.5 124.1 123.7 122.9 123.3 124.0 123.8 122.5 121.7 121.2 121.9 122.8 123.1 122.4 121.6 120.9 121.5 122.3
122.2 123.6 124.8 NaN 125.5 124.2 123.7 124.9 125.2 124.0 122.8 121.9 122.5 123.6 124.1 123.4 122.7 122.0 122.6 123.5
123.1 124.5 125.9 126.5 126.1 125.3 124.8 125.7 126.2 125.4 124.1 123.2 123.8 124.9 125.7 125.0 124.2 123.5 124.0 125.1
122.8 124.0 125.1 125.8 126.0 125.6 125.0 124.5 180.0 125.3 124.7 123.9 124.2 125.0 125.6 125.1 124.3 123.6 124.1 125.2
121.9 123.0 124.0 124.7 125.2 124.9 124.3 123.8 124.1 124.6 124.0 123.5 123.7 124.3 124.9 124.4 123.6 122.9 123.4 124.5
120.8 121.9 122.8 123.5 123.9 123.6 123.0 122.5 122.9 123.4 122.9 122.3 122.6 123.2 123.8 123.2 122.5 121.8 122.3 123.4
119.7 120.8 121.6 122.2 122.7 122.3 121.7 121.2 121.6 122.1 121.6 121.0 121.3 121.9 122.5 122.0 121.2 120.5 121.0 122.1
118.6 119.6 120.4 121.0 121.5 121.1 120.5 120.0 120.4 120.9 120.4 119.8 120.1 120.7 121.3 120.8 120.0 119.3 119.8 120.9
117.5 118.5 119.2 119.8 120.2 119.8 119.2 118.7 119.1 119.6 119.1 118.5 118.8 119.4 120.0 119.5 118.7 118.0 118.5 119.6
116.4 117.3 118.0 118.6 119.0 118.6 118.0 117.5 117.9 118.4 117.9 117.3 117.6 118.2 118.8 118.3 117.5 116.8 117.3 118.4
115.3 116.2 116.9 117.5 117.9 117.5 116.9 116.4 116.8 117.3 116.8 116.2 116.5 117.1 117.7 117.2 116.4 115.7 116.2 117.3
114.2 115.1 115.8 116.4 116.8 116.4 115.8 115.3 115.7 116.2 115.7 115.1 115.4 116.0 116.6 116.1 115.3 114.6 115.1 116.2
113.1 114.0 114.7 115.3 115.7 115.3 114.7 114.2 114.6 115.1 114.6 114.0 114.3 114.9 115.5 115.0 114.2 113.5 114.0 115.1
112.0 112.9 113.6 114.2 114.6 114.2 113.6 113.1 113.5 114.0 113.5 112.9 113.2 113.8 114.4 113.9 113.1 112.4 112.9 114.0
110.9 111.8 112.5 113.1 113.5 113.1 112.5 112.0 112.4 112.9 112.4 111.8 112.1 112.7 113.3 112.8 112.0 111.3 111.8 112.9
109.8 110.7 111.4 112.0 112.4 112.0 111.4 110.9 111.3 111.8 111.3 110.7 111.0 111.6 112.2 111.7 110.9 110.2 110.7 111.8
108.7 109.6 110.3 110.9 111.3 110.9 110.3 109.8 110.2 110.7 110.2 109.6 109.9 110.5 111.1 110.6 109.8 109.1 109.6 110.7
107.6 108.5 109.2 109.8 110.2 109.8 109.2 108.7 109.1 109.6 109.1 108.5 108.8 109.4 110.0 109.5 108.7 108.0 108.5 109.6
106.5 107.4 108.1 108.7 109.1 108.7 108.1 107.6 108.0 108.5 108.0 107.4 107.7 108.3 108.9 108.4 107.6 106.9 107.4 108.5