12.3 45.6 78.9 23.4 56.7 89.0 12.3 45.6 78.9 23.4 56.7 89.0
34.5 67.8 90.1 34.5 67.8 90.1 NaN 67.8 90.1 34.5 67.8 90.1
56.7 89.0 12.3 45.6 78.9 23.4 56.7 89.0 12.3 45.6 78.9 23.4
78.9 23.4 56.7 89.0 12.3 45.6 78.9 23.4 56.7 89.0 12.3 45.6
90.1 34.5 67.8 90.1 34.5 67.8 90.1 34.5 67.8 90.1 34.5 67.8
12.3 45.6 78.9 23.4 56.7 89.0 12.3 45.6 78.9 23.4 56.7 89.0
34.5 67.8 90.1 34.5 67.8 90.1 34.5 67.8 90.1 34.5 67.8 90.1
56.7 89.0 12.3 45.6 78.9 23.4 56.7 89.0 12.3 45.6 78.9 23.4
78.9 23.4 56.7 89.0 12.3 45.6 78.9 23.4 56.7 89.0 12.3 45.6
90.1 34.5 67.8 90.1 34.5 67.8 90.1 34.5 67.8 90.1 34.5 67.8
12.3 45.6 78.9 23.4 56.7 89.0 12.3 45.6 78.9 23.4 56.7 89.0
34.5 67.8 90.1 34.5 67.8 90.1 34.5 67.8 90.1 34.5 67.8 90.1