----------------Gabor 滤波器响应----------------
  1750.6   1751.7   1771.2   1799.2   1798.0   1768.1   1749.0   1750.4   1756.7   1758.5   1759.3   1761.0   1766.9   1767.9   1749.2   1720.5   1721.9   1752.0   1770.9   1769.1   1763.1   1760.9   1760.6   1760.8   1760.8   1760.8   1760.8   1760.8   1760.8   1760.8   1760.8   1760.8
  1750.6   1751.9   1771.2   1799.4   1797.5   1768.3   1748.2   1750.6   1755.9   1758.9   1758.4   1761.3   1766.2   1768.1   1748.4   1720.7   1721.7   1752.2   1770.8   1769.3   1763.0   1760.9   1760.6   1760.8   1760.8   1760.8   1760.8   1760.8   1760.8   1760.8   1760.8   1760.8
  1750.8   1751.7   1771.5   1798.6   1797.3   1767.2   1748.3   1749.5   1756.3   1757.6   1758.9   1760.1   1766.4   1766.9   1748.5   1720.2   1722.4   1752.0   1771.2   1769.1   1763.1   1760.9   1760.6   1760.8   1760.8   1760.8   1760.8   1760.8   1760.8   1760.8   1760.8   1760.8
  1751.1   1752.4   1771.1   1797.6   1795.5   1766.5   1747.6   1749.6   1755.3   1757.7   1757.7   1759.9   1765.1   1766.2   1747.8   1721.0   1723.2   1752.6   1771.0   1768.9   1763.1   1760.8   1760.8   1760.8   1760.8   1760.8   1760.8   1760.8   1760.8   1760.8   1760.8   1760.8
  1754.1   1755.1   1768.7   1786.7   1784.2   1762.6   1749.5   1750.8   1755.5   1756.5   1757.5   1758.3   1762.3   1762.5   1749.5   1731.1   1733.7   1755.4   1768.3   1766.9   1762.2   1761.0   1760.5   1760.8   1760.8   1760.8   1760.8   1760.8   1760.8   1760.8   1760.8   1760.8
  1751.8   1753.2   1771.0   1795.3   1792.4   1764.1   1746.3   1748.4   1754.0   1756.4   1756.1   1758.3   1763.1   1763.9   1746.4   1721.7   1725.0   1753.3   1771.0   1768.5   1763.2   1760.6   1760.9   1760.8   1760.8   1760.8   1760.8   1760.8   1760.8   1760.8   1760.8   1760.8
  1755.8   1756.8   1767.6   1781.0   1777.4   1759.6   1749.0   1750.6   1754.4   1755.2   1756.0   1756.7   1759.5   1759.5   1749.0   1735.5   1739.0   1757.2   1767.3   1765.9   1761.9   1761.0   1760.5   1760.8   1760.8   1760.8   1760.8   1760.8   1760.8   1760.8   1760.8   1760.8
  1754.1   1755.7   1769.0   1787.0   1783.2   1760.5   1746.8   1748.8   1753.2   1755.3   1754.8   1756.7   1760.0   1760.3   1746.9   1728.8   1732.8   1755.7   1769.1   1767.0   1762.7   1760.6   1760.9   1760.8   1760.8   1760.8   1760.8   1760.8   1760.8   1760.8   1760.8   1760.8
  1758.5   1759.4   1765.5   1771.3   1767.2   1755.7   1750.3   1751.2   1754.1   1754.0   1755.3   1754.9   1756.6   1755.6   1750.3   1744.0   1748.4   1759.7   1765.2   1764.0   1761.4   1761.0   1760.5   1760.8   1760.8   1760.8   1760.8   1760.8   1760.8   1760.8   1760.8   1760.8
  1760.5   1761.8   1763.1   1764.0   1759.0   1754.1   1751.3   1753.5   1753.4   1755.3   1753.6   1754.3   1751.2   1750.6   1755.0   1765.5   1769.3   1764.8   1759.7   1759.1   1760.4   1760.2   1761.0   1761.2   1763.7   1763.9   1757.3   1746.7   1747.1   1757.3   1764.4   1764.5
  1762.8   1763.1   1761.8   1755.6   1751.9   1751.3   1754.1   1754.0   1755.2   1753.7   1755.2   1753.2   1751.9   1749.9   1755.8   1766.1   1770.4   1764.7   1759.3   1758.9   1759.6   1760.6   1760.1   1761.0   1761.6   1762.2   1758.4   1753.7   1753.6   1759.2   1762.5   1762.7
  1764.6   1765.5   1759.4   1748.4   1744.0   1750.3   1755.6   1756.6   1754.9   1755.3   1754.0   1752.7   1746.7   1744.9   1761.7   1789.4   1793.0   1770.0   1753.3   1753.4   1758.4   1759.7   1760.4   1761.3   1764.7   1765.3   1754.4   1737.9   1738.5   1755.4   1766.6   1766.9
  1768.9   1769.0   1755.8   1732.8   1728.8   1746.9   1760.3   1760.0   1756.7   1754.9   1755.2   1752.3   1745.4   1743.2   1764.9   1799.5   1802.5   1771.8   1750.2   1750.9   1757.0   1759.5   1759.7   1760.5   1763.0   1763.2   1755.4   1743.3   1744.2   1757.1   1765.2   1765.4
  1767.1   1767.5   1756.9   1739.0   1735.5   1749.0   1759.5   1759.5   1756.7   1756.0   1755.2   1752.5   1744.1   1741.7   1768.4   1809.0   1811.3   1773.6   1747.0   1748.3   1756.1   1758.9   1759.2   1761.1   1765.4   1766.7   1750.7   1727.7   1728.8   1753.5   1769.2   1769.5
  1770.9   1770.9   1753.4   1725.0   1721.7   1746.4   1763.9   1763.1   1758.3   1756.3   1756.3   1752.6   1743.4   1740.9   1771.3   1816.6   1818.0   1774.5   1744.2   1746.0   1754.9   1758.1   1758.7   1759.6   1763.5   1763.8   1751.9   1734.2   1736.0   1755.3   1767.7   1767.7
  1768.4   1768.6   1755.2   1733.7   1731.1   1749.5   1762.5   1762.3   1758.3   1757.5   1756.5   1753.3   1743.4   1741.2   1773.3   1821.1   1821.5   1774.4   1742.3   1744.3   1754.0   1757.4   1758.0   1759.9   1765.1   1766.2   1747.8   1721.0   1723.2   1752.6   1771.0   1771.3
  1771.3   1771.0   1752.6   1723.2   1721.0   1747.8   1766.2   1765.1   1759.9   1758.0   1757.4   1754.0   1744.3   1742.3   1774.4   1821.5   1821.1   1773.3   1741.2   1743.4   1753.3   1756.5   1757.5   1758.3   1762.3   1762.5   1749.5   1731.1   1733.7   1755.2   1768.6   1768.4
  1767.7   1767.7   1755.3   1736.0   1734.2   1751.9   1763.8   1763.5   1759.6   1758.7   1758.1   1754.9   1746.0   1744.2   1774.5   1818.0   1816.6   1771.3   1740.9   1743.4   1752.6   1756.3   1756.3   1758.3   1763.1   1763.9   1746.4   1721.7   1725.0   1753.4   1770.9   1770.9
  1769.5   1769.2   1753.5   1728.8   1727.7   1750.7   1766.7   1765.4   1761.1   1759.2   1758.9   1756.1   1748.3   1747.0   1773.6   1811.3   1809.0   1768.4   1741.7   1744.1   1752.5   1755.2   1756.0   1756.7   1759.5   1759.5   1749.0   1735.5   1739.0   1756.9   1767.5   1767.1
  1765.4   1765.2   1757.1   1744.2   1743.3   1755.4   1763.2   1763.0   1760.5   1759.7   1759.5   1757.0   1750.9   1750.2   1771.8   1802.5   1799.5   1764.9   1743.2   1745.4   1752.3   1755.2   1754.9   1756.7   1760.0   1760.3   1746.9   1728.8   1732.8   1755.8   1769.0   1768.9
  1766.9   1766.6   1755.4   1738.5   1737.9   1754.4   1765.3   1764.7   1761.3   1760.4   1759.7   1758.4   1753.4   1753.3   1770.0   1793.0   1789.4   1761.7   1744.9   1746.7   1752.7   1754.0   1755.3   1754.9   1756.6   1755.6   1750.3   1744.0   1748.4   1759.4   1765.5   1764.6
  1762.7   1762.5   1759.2   1753.6   1753.7   1758.4   1762.2   1761.6   1761.0   1760.1   1760.6   1758.7   1756.1   1755.8   1768.3   1784.0   1779.9   1759.0   1746.4   1748.6   1752.4   1754.8   1753.8   1755.7   1756.9   1757.3   1747.8   1737.8   1742.0   1758.4   1766.7   1766.5
  1764.5   1764.4   1757.3   1747.1   1746.7   1757.3   1763.9   1763.7   1761.2   1761.1   1760.1   1760.1   1757.5   1758.3   1766.5   1776.4   1772.0   1756.4   1748.2   1749.5   1753.3   1753.3   1754.8   1753.7   1754.3   1752.7   1751.7   1751.9   1756.8   1761.6   1763.6   1762.4
  1760.8   1760.8   1760.8   1760.8   1760.8   1760.8   1760.8   1760.8   1760.8   1760.5   1761.0   1760.9   1762.3   1763.3   1761.8   1756.8   1751.9   1751.7   1752.7   1754.3   1753.7   1754.8   1753.3   1754.2   1752.3   1751.7   1752.8   1758.3   1762.6   1763.6   1761.6   1760.9
  1760.8   1760.8   1760.8   1760.8   1760.8   1760.8   1760.8   1760.8   1760.8   1760.9   1760.6   1762.0   1765.2   1766.9   1758.3   1742.0   1737.8   1747.8   1757.3   1756.9   1755.7   1753.7   1754.9   1752.6   1750.2   1747.8   1757.3   1772.8   1777.6   1766.8   1758.3   1756.8
  1760.8   1760.8   1760.8   1760.8   1760.8   1760.8   1760.8   1760.8   1760.8   1760.5   1761.0   1761.4   1764.0   1765.2   1759.7   1748.4   1744.0   1750.3   1755.6   1756.6   1754.9   1755.3   1754.0   1754.1   1751.2   1750.3   1755.7   1767.2   1771.3   1765.5   1759.4   1758.5
  1760.8   1760.8   1760.8   1760.8   1760.8   1760.8   1760.8   1760.8   1760.8   1760.9   1760.6   1762.7   1767.0   1769.1   1755.7   1732.8   1728.8   1746.9   1760.3   1760.0   1756.7   1754.8   1755.3   1753.2   1748.8   1746.8   1760.5   1783.2   1787.0   1769.0   1755.7   1754.1
  1760.8   1760.8   1760.8   1760.8   1760.8   1760.8   1760.8   1760.8   1760.8   1760.5   1761.0   1762.8   1768.8   1770.9   1753.8   1725.4   1721.5   1745.7   1762.6   1762.4   1757.1   1756.1   1754.8   1753.6   1747.3   1745.5   1762.8   1791.2   1794.6   1771.3   1753.3   1752.2
  1760.8   1760.8   1760.8   1760.8   1760.8   1760.8   1760.8   1760.8   1760.8   1760.8   1760.8   1763.4   1770.2   1772.6   1752.0   1717.8   1714.6   1744.1   1765.3   1764.0   1758.6   1755.6   1756.1   1753.0   1746.6   1743.9   1765.6   1798.9   1802.4   1772.8   1751.7   1749.9
  1760.8   1760.8   1760.8   1760.8   1760.8   1760.8   1760.8   1760.8   1760.8   1760.5   1761.0   1763.7   1771.6   1774.2   1750.4   1711.6   1708.2   1743.4   1767.1   1766.2   1758.8   1756.9   1755.6   1753.5   1745.3   1743.2   1767.5   1806.0   1808.8   1774.7   1749.7   1748.2
  1760.8   1760.8   1760.8   1760.8   1760.8   1760.8   1760.8   1760.8   1760.8   1760.6   1760.9   1764.0   1772.6   1775.3   1749.2   1706.7   1703.6   1742.6   1768.8   1767.4   1759.6   1756.8   1756.3   1753.3   1744.7   1742.3   1769.2   1811.1   1813.9   1775.8   1748.7   1746.8
  1760.8   1760.8   1760.8   1760.8   1760.8   1760.8   1760.8   1760.8   1760.8   1760.6   1760.9   1764.2   1773.1   1776.1   1748.5   1704.2   1701.2   1742.1   1769.7   1768.1   1759.9   1756.9   1756.4   1753.3   1744.4   1741.7   1770.2   1813.8   1816.5   1776.5   1747.9   1746.1