----------------非极大值抑制（NMS）----------------
  1750.6      0.0      0.0   1799.2      0.0      0.0      0.0      0.0      0.0      0.0      0.0      0.0      0.0   1767.9      0.0      0.0      0.0      0.0   1770.9      0.0      0.0      0.0      0.0   1760.8   1760.8   1760.8   1760.8   1760.8   1760.8   1760.8   1760.8   1760.8
  1750.6      0.0      0.0   1799.4      0.0      0.0      0.0      0.0      0.0   1758.9      0.0      0.0      0.0   1768.1      0.0      0.0      0.0      0.0   1770.8      0.0      0.0      0.0      0.0   1760.8   1760.8   1760.8   1760.8   1760.8   1760.8   1760.8   1760.8   1760.8
  1750.8      0.0      0.0   1798.6      0.0      0.0      0.0      0.0      0.0      0.0      0.0      0.0      0.0   1766.9      0.0      0.0      0.0      0.0   1771.2      0.0      0.0      0.0      0.0   1760.8   1760.8   1760.8   1760.8   1760.8   1760.8   1760.8   1760.8   1760.8
  1751.1      0.0      0.0   1797.6      0.0      0.0      0.0      0.0      0.0   1757.7      0.0      0.0      0.0   1766.2      0.0      0.0      0.0      0.0   1771.0      0.0      0.0      0.0      0.0   1760.8   1760.8   1760.8   1760.8   1760.8   1760.8   1760.8   1760.8   1760.8
  1754.1      0.0      0.0   1786.7      0.0      0.0      0.0      0.0      0.0      0.0      0.0      0.0      0.0   1762.5      0.0      0.0      0.0      0.0   1768.3      0.0      0.0      0.0      0.0   1760.8   1760.8   1760.8   1760.8   1760.8   1760.8   1760.8   1760.8   1760.8
  1751.8      0.0      0.0   1795.3      0.0      0.0      0.0      0.0      0.0   1756.4      0.0      0.0      0.0   1763.9      0.0      0.0      0.0      0.0   1771.0      0.0      0.0      0.0   1760.9      0.0   1760.8   1760.8   1760.8   1760.8   1760.8   1760.8   1760.8   1760.8
  1755.8      0.0      0.0   1781.0      0.0      0.0      0.0      0.0      0.0      0.0      0.0      0.0   1759.5      0.0      0.0      0.0      0.0      0.0   1767.3      0.0      0.0      0.0      0.0   1760.8   1760.8   1760.8   1760.8   1760.8   1760.8   1760.8   1760.8   1760.8
  1754.1      0.0      0.0   1787.0      0.0      0.0      0.0      0.0      0.0   1755.3      0.0      0.0      0.0   1760.3      0.0      0.0      0.0      0.0   1769.1      0.0      0.0      0.0   1760.9      0.0   1760.8   1760.8   1760.8   1760.8   1760.8   1760.8   1760.8   1760.8
  1758.5      0.0      0.0   1771.3      0.0      0.0      0.0      0.0   1754.1      0.0   1755.3      0.0   1756.6      0.0      0.0      0.0      0.0      0.0   1765.2      0.0      0.0      0.0      0.0   1760.8   1760.8   1760.8   1760.8   1760.8   1760.8   1760.8   1760.8   1760.8
  1760.5      0.0      0.0   1764.0      0.0      0.0      0.0   1753.5      0.0   1755.3      0.0   1754.3      0.0      0.0      0.0      0.0   1769.3      0.0      0.0      0.0   1760.4      0.0      0.0      0.0      0.0   1763.9      0.0      0.0      0.0      0.0      0.0   1764.5
  1762.8   1763.1      0.0      0.0      0.0      0.0   1754.1      0.0   1755.2      0.0   1755.2      0.0      0.0      0.0      0.0      0.0   1770.4      0.0      0.0      0.0      0.0   1760.6      0.0      0.0      0.0   1762.2      0.0      0.0      0.0      0.0      0.0   1762.7
  1764.6   1765.5      0.0      0.0      0.0      0.0      0.0   1756.6      0.0   1755.3      0.0      0.0      0.0      0.0      0.0      0.0   1793.0      0.0      0.0      0.0      0.0      0.0      0.0      0.0      0.0   1765.3      0.0      0.0      0.0      0.0      0.0   1766.9
  1768.9   1769.0      0.0      0.0      0.0      0.0   1760.3      0.0      0.0      0.0   1755.2      0.0      0.0      0.0      0.0      0.0   1802.5      0.0      0.0      0.0      0.0      0.0      0.0      0.0      0.0   1763.2      0.0      0.0      0.0      0.0      0.0   1765.4
  1767.1   1767.5      0.0      0.0      0.0      0.0      0.0   1759.5      0.0      0.0      0.0      0.0      0.0      0.0      0.0      0.0   1811.3      0.0      0.0      0.0      0.0      0.0      0.0      0.0      0.0   1766.7      0.0      0.0      0.0      0.0      0.0   1769.5
  1770.9      0.0      0.0      0.0      0.0      0.0   1763.9      0.0      0.0      0.0   1756.3      0.0      0.0      0.0      0.0      0.0   1818.0      0.0      0.0      0.0      0.0      0.0      0.0      0.0      0.0   1763.8      0.0      0.0      0.0      0.0      0.0   1767.7
  1768.4   1768.6      0.0      0.0      0.0      0.0   1762.5      0.0      0.0      0.0      0.0      0.0      0.0      0.0      0.0      0.0   1821.5      0.0      0.0      0.0      0.0      0.0      0.0      0.0      0.0   1766.2      0.0      0.0      0.0      0.0      0.0   1771.3
  1771.3      0.0      0.0      0.0      0.0      0.0   1766.2      0.0      0.0      0.0      0.0      0.0      0.0      0.0      0.0   1821.5      0.0      0.0      0.0      0.0      0.0      0.0      0.0      0.0      0.0   1762.5      0.0      0.0      0.0      0.0   1768.6   1768.4
  1767.7      0.0      0.0      0.0      0.0      0.0   1763.8      0.0      0.0      0.0      0.0      0.0      0.0      0.0      0.0   1818.0      0.0      0.0      0.0      0.0      0.0   1756.3      0.0      0.0      0.0   1763.9      0.0      0.0      0.0      0.0      0.0   1770.9
  1769.5      0.0      0.0      0.0      0.0      0.0   1766.7      0.0      0.0      0.0      0.0      0.0      0.0      0.0      0.0   1811.3      0.0      0.0      0.0      0.0      0.0      0.0      0.0      0.0   1759.5      0.0      0.0      0.0      0.0      0.0   1767.5   1767.1
  1765.4      0.0      0.0      0.0      0.0      0.0   1763.2      0.0      0.0      0.0      0.0      0.0      0.0      0.0      0.0   1802.5      0.0      0.0      0.0      0.0      0.0   1755.2      0.0      0.0      0.0   1760.3      0.0      0.0      0.0      0.0   1769.0   1768.9
  1766.9      0.0      0.0      0.0      0.0      0.0   1765.3      0.0      0.0      0.0      0.0      0.0      0.0      0.0      0.0   1793.0      0.0      0.0      0.0      0.0      0.0      0.0   1755.3      0.0   1756.6      0.0      0.0      0.0      0.0      0.0   1765.5   1764.6
  1762.7      0.0      0.0      0.0      0.0      0.0   1762.2      0.0      0.0      0.0   1760.6      0.0      0.0      0.0      0.0   1784.0      0.0      0.0      0.0      0.0      0.0   1754.8      0.0      0.0      0.0   1757.3      0.0      0.0      0.0      0.0   1766.7   1766.5
  1764.5      0.0      0.0      0.0      0.0      0.0   1763.9      0.0      0.0      0.0      0.0   1760.1      0.0      0.0      0.0   1776.4      0.0      0.0      0.0      0.0      0.0      0.0   1754.8      0.0   1754.3      0.0      0.0      0.0      0.0      0.0   1763.6   1762.4
  1760.8   1760.8   1760.8   1760.8   1760.8   1760.8   1760.8   1760.8   1760.8      0.0   1761.0      0.0      0.0   1763.3      0.0      0.0      0.0      0.0      0.0   1754.3      0.0   1754.8      0.0   1754.2      0.0      0.0      0.0      0.0      0.0   1763.6      0.0   1760.9
  1760.8   1760.8   1760.8   1760.8   1760.8   1760.8   1760.8   1760.8      0.0   1760.9      0.0      0.0      0.0   1766.9      0.0      0.0      0.0      0.0   1757.3      0.0      0.0      0.0   1754.9      0.0      0.0      0.0      0.0      0.0   1777.6      0.0      0.0   1756.8
  1760.8   1760.8   1760.8   1760.8   1760.8   1760.8   1760.8   1760.8   1760.8      0.0      0.0      0.0      0.0   1765.2      0.0      0.0      0.0      0.0      0.0   1756.6      0.0   1755.3      0.0   1754.1      0.0      0.0      0.0      0.0   1771.3      0.0      0.0   1758.5
  1760.8   1760.8   1760.8   1760.8   1760.8   1760.8   1760.8   1760.8      0.0   1760.9      0.0      0.0      0.0   1769.1      0.0      0.0      0.0      0.0   1760.3      0.0      0.0      0.0   1755.3      0.0      0.0      0.0      0.0      0.0   1787.0      0.0      0.0   1754.1
  1760.8   1760.8   1760.8   1760.8   1760.8   1760.8   1760.8   1760.8   1760.8      0.0      0.0      0.0      0.0   1770.9      0.0      0.0      0.0      0.0   1762.6      0.0      0.0      0.0      0.0      0.0      0.0      0.0      0.0      0.0   1794.6      0.0      0.0   1752.2
  1760.8   1760.8   1760.8   1760.8   1760.8   1760.8   1760.8   1760.8   1760.8      0.0      0.0      0.0      0.0   1772.6      0.0      0.0      0.0      0.0   1765.3      0.0      0.0      0.0   1756.1      0.0      0.0      0.0      0.0      0.0   1802.4      0.0      0.0   1749.9
  1760.8   1760.8   1760.8   1760.8   1760.8   1760.8   1760.8   1760.8   1760.8      0.0      0.0      0.0      0.0   1774.2      0.0      0.0      0.0      0.0   1767.1      0.0      0.0      0.0      0.0      0.0      0.0      0.0      0.0      0.0   1808.8      0.0      0.0   1748.2
  1760.8   1760.8   1760.8   1760.8   1760.8   1760.8   1760.8   1760.8   1760.8      0.0      0.0      0.0      0.0   1775.3      0.0      0.0      0.0      0.0   1768.8      0.0      0.0      0.0      0.0      0.0      0.0      0.0      0.0      0.0   1813.9      0.0      0.0   1746.8
  1760.8   1760.8   1760.8   1760.8   1760.8   1760.8   1760.8   1760.8   1760.8      0.0      0.0      0.0      0.0   1776.1      0.0      0.0      0.0      0.0   1769.7      0.0      0.0      0.0      0.0      0.0      0.0      0.0      0.0      0.0   1816.5      0.0      0.0   1746.1