128 128 128 128 128 128 128 128 128 128 128 128 128 128 128 128 128 128 128 128 128 128 128 128 128 128 128 128 128 128 128 128
128 128 128 128 128 128 128 128 128 128 128 128 128 128 128 128 128 128 128 128 128 128 128 128 128 128 128 128 128 128 128 128
128 128 128 128 128 128 128 128 128 128 128 128 128 128 128 128 128 128 128 128 128 128 128 128 128 128 128 128 128 128 128 128
128 128 128 128 128 128 128 128 128 128 128 128 128 128 128 128 128 128 128 128 128 128 128 128 128 128 128 128 128 128 128 128
128 128 128 128 255 0 255 0 255 0 255 0 255 0 255 0 128 128 128 128 128 128 128 128 128 128 128 128 128 128 128 128
128 128 128 128 0 255 0 255 0 255 0 255 0 255 0 255 128 128 128 128 128 128 128 128 128 128 128 128 128 128 128 128
128 128 128 128 255 0 255 0 255 0 255 0 255 0 255 0 128 128 128 128 128 128 128 128 128 128 128 128 128 128 128 128
128 128 128 128 0 255 0 255 0 255 0 255 0 255 0 255 128 128 128 128 128 128 128 128 128 128 128 128 128 128 128 128
128 128 128 128 255 0 255 0 255 0 255 0 255 0 255 0 128 128 128 128 128 128 128 128 128 128 128 128 128 128 128 128
128 128 128 128 0 255 0 255 0 255 0 255 0 255 0 255 128 128 128 128 128 128 128 128 128 128 128 128 128 128 128 128
128 128 128 128 255 0 255 0 255 0 255 0 255 0 255 0 128 128 128 128 128 128 128 128 128 128 128 128 128 128 128 128
128 128 128 128 0 255 0 255 0 255 0 255 0 255 0 255 128 128 128 128 128 128 128 128 128 128 128 128 128 128 128 128
128 128 128 128 255 0 255 0 255 0 255 0 255 0 255 0 128 128 128 128 128 128 128 128 128 128 128 128 128 128 128 128
128 128 128 128 0 255 0 255 0 255 0 255 0 255 0 255 128 128 128 128 128 128 128 128 128 128 128 128 128 128 128 128
128 128 128 128 255 0 255 0 255 0 255 0 255 0 255 0 128 128 128 128 128 128 128 128 128 128 128 128 128 128 128 128
128 128 128 128 0 255 0 255 0 255 0 255 0 255 0 255 128 128 128 128 128 128 128 128 128 128 128 128 128 128 128 128
128 128 128 128 128 128 128 128 128 128 128 128 128 128 128 128 255 0 255 0 255 0 255 0 255 0 255 0 128 128 128 128
128 128 128 128 128 128 128 128 128 128 128 128 128 128 128 128 0 255 0 255 0 255 0 255 0 255 0 255 128 128 128 128
128 128 128 128 128 128 128 128 128 128 128 128 128 128 128 128 255 0 255 0 255 0 255 0 255 0 255 0 128 128 128 128
128 128 128 128 128 128 128 128 128 128 128 128 128 128 128 128 0 255 0 255 0 255 0 255 0 255 0 255 128 128 128 128
128 128 128 128 128 128 128 128 128 128 128 128 128 128 128 128 255 0 255 0 255 0 255 0 255 0 255 0 128 128 128 128
128 128 128 128 128 128 128 128 128 128 128 128 128 128 128 128 0 255 0 255 0 255 0 255 0 255 0 255 128 128 128 128
128 128 128 128 128 128 128 128 128 128 128 128 128 128 128 128 255 0 255 0 255 0 255 0 255 0 255 0 128 128 128 128
128 128 128 128 128 128 128 128 128 128 128 128 128 128 128 128 0 255 0 255 0 255 0 255 0 255 0 255 128 128 128 128
128 128 128 128 128 128 128 128 128 128 128 128 128 128 128 128 255 0 255 0 255 0 255 0 255 0 255 0 128 128 128 128
128 128 128 128 128 128 128 128 128 128 128 128 128 128 128 128 0 255 0 255 0 255 0 255 0 255 0 255 128 128 128 128
128 128 128 128 128 128 128 128 128 128 128 128 128 128 128 128 255 0 255 0 255 0 255 0 255 0 255 0 128 128 128 128
128 128 128 128 128 128 128 128 128 128 128 128 128 128 128 128 0 255 0 255 0 255 0 255 0 255 0 255 128 128 128 128
128 128 128 128 128 128 128 128 128 128 128 128 128 128 128 128 255 0 255 0 255 0 255 0 255 0 255 0 128 128 128 128
128 128 128 128 128 128 128 128 128 128 128 128 128 128 128 128 0 255 0 255 0 255 0 255 0 255 0 255 128 128 128 128
128 128 128 128 128 128 128 128 128 128 128 128 128 128 128 128 128 128 128 128 128 128 128 128 128 128 128 128 128 128 128 128
128 128 128 128 128 128 128 128 128 128 128 128 128 128 128 128 128 128 128 128 128 128 128 128 128 128 128 128 128 128 128 128