145.2 148.3 150.1 151.5 152.3 152.8 153.0 152.9 152.5 151.8 150.9 149.7 148.2 146.5 144.6
146.1 149.2 151.0 152.4 153.2 153.7 153.9 153.8 153.4 152.7 151.8 150.6 149.1 147.4 145.5
147.0 150.1 151.9 153.3 154.1 154.6 154.8 154.7 154.3 153.6 152.7 151.5 150.0 148.3 146.4
147.9 151.0 152.8 154.2 155.0 155.5 155.7 155.6 155.2 154.5 153.6 152.4 150.9 149.2 147.3
148.8 151.9 153.7 155.1 155.9 156.4 156.6 NaN 156.1 155.4 154.5 153.3 151.8 150.1 148.2
149.7 152.8 154.6 156.0 156.8 157.3 157.5 157.4 157.0 156.3 155.4 154.2 152.7 151.0 149.1
150.6 153.7 155.5 156.9 157.7 158.2 158.4 158.3 157.9 157.2 156.3 155.1 153.6 151.9 150.0
151.5 154.6 156.4 157.8 158.6 159.1 159.3 159.2 158.8 158.1 157.2 156.0 154.5 152.8 150.9
152.4 155.5 157.3 158.7 159.5 160.0 160.2 160.1 159.7 159.0 158.1 NaN 155.4 153.7 151.8
153.3 156.4 158.2 159.6 160.4 160.9 161.1 161.0 160.6 159.9 159.0 157.8 156.3 154.6 152.7
154.2 157.3 NaN 160.5 161.3 161.8 162.0 161.9 161.5 160.8 159.9 158.7 157.2 155.5 153.6
155.1 158.2 160.0 161.4 162.2 162.7 162.9 162.8 162.4 161.7 160.8 159.6 158.1 156.4 154.5
156.0 159.1 160.9 162.3 163.1 163.6 163.8 163.7 163.3 162.6 161.7 160.5 159.0 157.3 155.4
156.9 160.0 161.8 163.2 164.0 164.5 164.7 164.6 164.2 163.5 162.6 161.4 159.9 158.2 156.3
157.8 160.9 162.7 164.1 164.9 165.4 165.6 165.5 165.1 164.4 163.5 162.3 160.8 159.1 157.2