54.8
54.7
53.3
52.9
52.1
51.6
51.0
50.7
50.5
49.3
48.9
98.5
48.4
47.9
47.6
47.3
47.2
46.8
46.6
45.9
45.7
45.5
45.0
44.8
44.6
44.4
44.3
44.0
43.8
43.6
43.5
43.3
43.2
-25.4
43.0
42.9
42.9
42.8
42.8
42.8
42.7
42.6
42.7
42.6
42.6
42.6
42.5
42.5
42.4
42.4
42.3
42.3
42.2
42.1
82.6
41.9
41.8
41.7
41.5
41.4
41.2
41.0
40.8
40.6
40.4
40.2
40.0
39.8
39.6
39.4
39.2
39.0
38.8
38.6
38.4
38.2
38.0
37.8
-18.2
37.4
37.2
37.0
36.8
36.6
36.5
36.3
36.1
35.9
35.7
112.3
35.3
35.1
34.9
34.7
34.5
34.3
34.1
33.9
33.7
33.5