-----------中值滤波-----------
48.311 67.156 63.944 67.778 74.767 77.689 72.478 71.100 67.311 68.522 75.144 69.556 73.078 70.611 76.844 74.956 69.489 70.678 66.200 43.056 
72.056 104.178 102.944 105.811 111.278 110.967 107.500 108.689 106.800 102.022 109.733 108.300 108.922 107.289 109.867 114.333 104.156 102.533 99.767 65.089 
71.256 105.611 97.267 108.789 107.711 105.733 105.144 109.989 112.600 104.833 105.367 109.522 111.433 111.033 110.600 105.144 109.722 102.111 106.289 63.456 
71.311 107.867 110.900 106.878 107.656 100.700 104.789 113.389 108.156 110.678 98.433 115.333 109.233 109.789 107.833 107.367 110.067 104.933 105.000 68.056 
72.433 108.289 105.022 99.567 105.922 105.178 109.322 113.700 104.211 111.911 94.256 111.678 107.333 112.122 110.589 106.589 112.767 105.556 110.944 71.044 
72.911 106.711 110.333 97.344 103.778 110.467 115.256 112.000 102.811 107.044 106.967 109.289 108.278 107.144 108.122 111.000 107.122 103.444 108.211 76.322 
70.411 106.500 103.922 105.278 101.756 106.744 112.300 113.189 107.900 104.067 105.333 109.022 101.222 110.811 104.200 111.244 103.956 100.022 112.911 75.889 
70.789 105.933 105.822 108.089 102.156 107.411 111.911 108.767 110.322 101.022 115.689 112.711 104.789 109.033 104.244 110.567 102.389 98.800 109.500 72.700 
70.122 108.300 105.022 108.656 104.667 105.289 109.922 112.089 112.622 103.678 108.978 108.444 104.744 109.356 109.000 115.089 107.489 104.656 106.244 67.578 
71.433 108.178 109.711 102.267 108.022 108.600 116.800 111.233 112.378 99.578 111.444 108.178 115.411 104.367 111.089 113.767 108.733 108.278 103.444 70.722 
72.378 105.533 107.333 103.911 107.656 104.400 110.622 118.900 110.133 104.444 98.222 103.356 113.533 105.956 115.433 110.911 112.667 109.533 108.089 74.956 
74.800 109.700 107.967 107.056 101.333 106.922 102.678 118.078 107.522 102.878 96.500 108.311 114.111 110.744 114.667 107.444 112.511 107.911 115.933 76.033 
75.444 112.000 107.211 109.678 97.644 109.456 93.756 117.778 105.989 108.078 96.633 103.689 112.611 109.267 112.844 104.044 117.611 110.867 118.456 71.133 
73.667 113.011 107.900 109.489 102.889 112.856 97.678 112.811 104.156 110.567 104.267 101.367 111.200 105.833 110.033 105.433 112.244 118.656 109.789 66.767 
74.822 109.989 109.722 103.900 112.056 115.044 106.111 109.956 102.422 110.844 105.167 102.533 110.533 104.911 108.133 107.233 104.933 116.167 107.522 73.956 
74.944 110.611 108.189 104.267 112.178 109.889 108.456 108.378 105.089 110.867 103.944 110.722 110.956 110.733 109.078 111.489 100.611 111.511 102.267 76.789 
75.656 111.944 117.789 103.511 107.311 103.078 111.256 108.933 111.278 101.789 104.878 114.189 115.556 113.333 105.056 114.833 102.544 113.378 102.678 76.333 
73.511 108.900 113.244 108.889 105.233 101.989 110.344 110.011 113.889 102.222 104.100 111.800 114.511 111.467 103.944 107.922 110.944 107.378 101.822 68.567 
72.489 99.900 112.900 105.156 114.767 105.467 110.700 108.744 114.122 103.433 106.011 102.489 116.822 113.489 103.367 104.389 105.456 105.378 103.978 68.600 
47.367 63.322 69.967 70.922 79.578 74.656 70.989 72.011 74.044 73.467 69.900 67.389 78.000 75.500 70.033 64.589 69.156 63.211 71.489 47.356 
-----------均值滤波-----------
0  79.1  67.3  67.3  88.5  96.4  96.4  74.2  70.3  70.3  86.9  82.3  82.3  82.3  94.6  77.5  75.8  75.8  83.5  0  
79.1  102.3  102.3  102.3  105.8  105.8  105.8  115.2  115.2  95.4  113.4  113.4  114.6  109.2  109.2  124.6  103.8  103.8  92.7  83.5  
71.4  102.3  89.2  107.6  105.8  105.8  105.8  119.2  119.2  95.4  95.4  114.6  124.3  114.6  113.8  109.2  113.8  102.5  102.5  83.5  
66.8  119.5  119.5  107.6  105.8  105.8  105.8  119.2  119.2  128.9  95.4  114.6  114.6  114.6  113.8  111.7  111.7  103.8  102.5  82.4  
66.8  113.2  100.6  100.6  100.6  107.6  118.3  119.2  106.2  131.5  95.9  105.3  105.3  124.3  119.2  111.7  113.8  102.5  102.5  82.4  
84.3  113.2  113.2  100.6  100.6  118.3  118.7  118.7  106.2  106.2  105.3  99.8  105.3  107.3  119.2  111.7  111.7  95.4  95.4  82.4  
84.3  113.2  100.6  101.3  100.6  101.3  118.7  118.7  108.9  106.2  99.8  99.8  95.9  122.6  107.3  107.3  104.2  92.3  121.4  92.3  
77.9  104.7  104.7  104.7  101.3  101.3  118.7  108.9  118.7  99.8  130.8  112.9  112.9  112.9  104.2  104.2  100.2  93.6  121.4  92.3  
77.9  104.7  96.2  104.7  119.5  113.7  113.7  108.9  108.9  101.4  101.4  112.9  112.9  118.9  104.2  104.2  100.2  93.6  121.4  75.6  
77.9  104.7  104.7  99.4  119.5  113.7  119.5  113.7  114.1  101.4  104.9  104.9  120.6  112.9  118.9  110.7  100.2  110.7  96.7  75.6  
81.7  96.2  96.2  99.4  110.3  110.3  113.7  114.1  101.4  104.9  101.4  104.9  121.8  118.9  120.6  110.7  110.7  110.7  96.7  84.6  
87.5  111.9  111.9  110.3  99.4  110.3  99.2  126.7  99.2  104.9  98.3  106.7  121.5  120.6  120.6  102.1  110.7  110.7  116.2  91.5  
87.5  111.9  111.9  111.9  96.8  114.5  96.8  128.6  99.2  106.3  98.3  106.7  121.5  121.3  121.3  97.2  128.4  116.2  118.6  84.6  
83.4  111.9  111.9  111.9  96.8  114.5  96.8  126.7  98.3  106.3  101.7  101.7  121.3  112.2  112.2  102.1  102.1  118.6  116.2  79.3  
83.4  101.6  125.9  97.5  114.5  113.4  110.9  113.4  95.1  106.3  101.7  101.7  120.7  112.2  112.2  108.3  97.2  118.6  118.6  79.3  
88.5  101.6  121.9  97.5  127.6  110.9  110.9  113.4  95.1  116.8  95.9  120.7  108.2  112.2  108.2  112.2  93.4  113.9  93.4  90.6  
88.5  103.1  129.7  103.1  111.7  99.1  111.7  113.4  116.8  95.1  95.9  120.7  117.4  117.4  92.5  113.9  101.2  113.9  101.2  90.6  
88.5  103.1  121.9  123.1  111.7  99.1  105.3  105.3  116.8  97.5  97.5  117.4  114.5  114.5  108.2  113.9  113.9  113.9  101.2  62.9  
89.7  92.3  108.9  103.1  123.1  100.6  105.3  100.6  123.4  97.5  123.4  97.5  117.4  114.5  104.8  104.8  101.2  101.2  101.2  62.9  
0  77.4  77.4  77.4  84.1  84.1  74.8  80.9  80.9  80.9  71.5  71.5  89.7  89.7  71.3  71.3  86.4  80.5  80.5  0  
