------------（1）------------
1 39.876 116.345 2e-05 192E010060
2 41.789 123.456 2e-05 223E011061
3 34.234 108.901 2e-05 211E009058
4 28.567 112.345 2e-05 243E008059
5 36.789 119.012 2e-05 234E010060
6 25.678 100.123 2e-05 223E007056
7 30.234 114.345 2e-05 211E008059
8 32.567 120.456 2e-05 241E009061
9 36.123 117.89 2e-05 243E010060
10 29.456 106.789 2e-05 224E008057
11 40.012 115.678 2e-05 242E011059
12 31.567 121.234 2e-05 191E008061
13 23.789 102.345 2e-05 191E006056
14 35.678 118.901 2e-05 194E009060
15 24.345 109.012 2e-05 241E007058
16 37.89 113.456 2e-05 224E010059
17 34.567 122.345 2e-05 212E009061
18 27.123 105.678 2e-05 203E007057
19 38.456 111.234 2e-05 213E010058
20 42.89 124.012 2e-05 203E011062
21 31.789 107.89 2e-05 194E008057
22 30.567 119.456 2e-05 214E008060
23 26.123 104.345 2e-05 212E007057
24 35.456 116.789 2e-05 192E009060
25 43.901 125.678 2e-05 194E011062
26 29.876 101.234 2e-05 224E008056
27 33.456 117.012 2e-05 223E009060
28 36.789 120.789 2e-05 231E010061
29 25.123 108.456 2e-05 231E007058
30 39.012 114.567 2e-05 201E010059
31 37.892 115.763 2e-05 222E010059
32 26.581 108.224 2e-05 211E007058
33 31.229 121.487 2e-05 201E008061
34 36.061 103.835 2e-05 242E010056
35 22.543 114.068 2e-05 211E006059
36 43.896 125.317 2e-05 194E011062
37 23.129 113.259 2e-05 204E006059
38 36.67 117.004 2e-05 233E010060
39 29.563 106.551 2e-05 224E008057
40 26.075 119.306 2e-05 214E007060
41 20.026 110.342 2e-05 242E006058
42 45.742 126.642 2e-05 221E012062
43 43.825 87.618 2e-05 193E011052
44 25.038 102.709 2e-05 231E007056
45 28.228 112.938 2e-05 244E008059
46 39.904 116.407 2e-05 192E010060
47 40.818 111.751 2e-05 233E011058
48 18.253 109.491 2e-05 211E005058
49 31.821 117.227 2e-05 193E008060
50 30.808 108.385 2e-05 201E008058
51 24.479 118.089 2e-05 243E007060
52 41.796 123.429 2e-05 223E011061
53 37.857 113.585 2e-05 224E010059
54 30.659 104.066 2e-05 212E008057
55 38.467 106.276 2e-05 213E010057
56 27.096 114.894 2e-05 201E007059
57 28.676 115.999 2e-05 232E008059
58 30.287 120.153 2e-05 211E008061
59 34.267 117.993 2e-05 213E009060
60 40.093 113.301 2e-05 244E011059
61 34.266 108.953 2e-05 211E009058
62 33.597 119.019 2e-05 224E009060
63 38.914 121.615 2e-05 202E010061
64 38.042 114.502 2e-05 211E010059
65 34.325 109.038 2e-05 211E009058
66 35.414 116.588 2e-05 192E009060
67 34.519 113.856 2e-05 214E009059
68 37.874 112.571 2e-05 224E010059
69 29.584 106.359 2e-05 223E008057
70 43.886 125.326 2e-05 194E011062
71 30.526 114.361 2e-05 211E008059
72 30.945 117.861 2e-05 203E008060
73 31.484 104.625 2e-05 192E008057
74 24.938 118.623 2e-05 234E007060
75 32.064 112.147 2e-05 243E009059
76 30.201 115.098 2e-05 211E008059
77 36.628 101.765 2e-05 244E010056
78 23.402 113.228 2e-05 194E006059
79 36.072 120.385 2e-05 241E010061
80 25.852 114.892 2e-05 221E007059
81 36.094 103.725 2e-05 242E010056
82 39.999 116.342 2e-05 192E010060
83 31.863 117.284 2e-05 193E008060
84 27.706 106.912 2e-05 194E007057
85 31.354 119.789 2e-05 194E008060
86 30.582 114.316 2e-05 211E008059
87 28.196 112.983 2e-05 244E008059
88 18.255 109.507 2e-05 212E005058
89 30.678 104.062 2e-05 202E008057
90 34.748 113.621 2e-05 204E009059
91 36.675 117.008 2e-05 233E010060
92 31.232 121.449 2e-05 201E008061
93 22.817 108.364 2e-05 201E006058
94 43.908 125.297 2e-05 194E011062
95 22.549 114.074 2e-05 211E006059
96 29.562 106.553 2e-05 224E008057
97 45.753 126.652 2e-05 221E012062
98 25.052 102.698 2e-05 231E007056
99 28.239 112.956 2e-05 244E008059
100 43.831 87.624 2e-05 193E011052
101 20.032 110.352 2e-05 242E006058
102 26.085 119.316 2e-05 214E007060
103 39.914 116.417 2e-05 192E010060
104 40.828 111.761 2e-05 233E011058
105 18.263 109.501 2e-05 212E005058
106 31.831 117.237 2e-05 193E008060
107 30.818 108.395 2e-05 201E008058
108 24.489 118.099 2e-05 243E007060
109 41.806 123.439 2e-05 223E011061
110 37.867 113.595 2e-05 224E010059
111 30.669 104.076 2e-05 202E008057
112 38.477 106.286 2e-05 213E010057
113 27.106 114.904 2e-05 201E007059
114 28.686 116.009 2e-05 232E008060
115 30.297 120.163 2e-05 211E008061
116 34.277 118.003 2e-05 213E009060
117 40.103 113.311 2e-05 244E011059
118 34.276 108.963 2e-05 211E009058
119 33.607 119.029 2e-05 224E009060
120 38.924 121.625 2e-05 202E010061
121 38.052 114.512 2e-05 211E010059
122 34.335 109.048 2e-05 211E009058
123 35.424 116.598 2e-05 192E009060
124 34.529 113.866 2e-05 214E009059
125 37.884 112.581 2e-05 224E010059
126 29.594 106.369 2e-05 223E008057
127 43.896 125.336 2e-05 194E011062
128 30.536 114.371 2e-05 211E008059
129 30.955 117.871 2e-05 203E008060
130 31.494 104.635 2e-05 192E008057
131 24.948 118.633 2e-05 234E007060
132 32.074 112.157 2e-05 243E009059
133 30.211 115.108 2e-05 211E008059
134 36.638 101.775 2e-05 244E010056
135 23.412 113.238 2e-05 194E006059
136 36.082 120.395 2e-05 241E010061
137 25.862 114.902 2e-05 221E007059
138 36.104 103.735 2e-05 242E010056
139 40.009 116.352 2e-05 242E011060
140 31.873 117.294 2e-05 193E008060
141 27.716 106.922 2e-05 194E007057
142 31.364 119.799 2e-05 194E008060
143 30.592 114.326 2e-05 211E008059
144 28.206 112.993 2e-05 244E008059
145 18.265 109.517 2e-05 212E005058
146 30.688 104.072 2e-05 202E008057
147 34.758 113.631 2e-05 204E009059
148 36.685 117.018 2e-05 233E010060
149 31.242 121.459 2e-05 201E008061
150 22.827 108.374 2e-05 201E006058
151 43.918 125.307 2e-05 194E011062
152 22.559 114.084 2e-05 211E006059
153 29.572 106.563 2e-05 224E008057
154 45.763 126.662 2e-05 221E012062
155 25.062 102.708 2e-05 231E007056
156 28.249 112.966 2e-05 244E008059
157 43.841 87.634 2e-05 193E011052
158 20.042 110.362 2e-05 242E006058
159 26.095 119.326 2e-05 214E007060
160 39.924 116.427 2e-05 192E010060
161 40.838 111.771 2e-05 233E011058
162 18.273 109.511 2e-05 212E005058
163 31.841 117.247 2e-05 193E008060
164 30.828 108.405 2e-05 201E008058
165 24.499 118.109 2e-05 243E007060
166 41.816 123.449 2e-05 223E011061
167 37.877 113.605 2e-05 224E010059
168 30.679 104.086 2e-05 202E008057
169 38.487 106.296 2e-05 213E010057
170 27.116 114.914 2e-05 201E007059
171 28.696 116.019 2e-05 232E008060
172 30.307 120.173 2e-05 211E008061
173 34.287 118.013 2e-05 213E009060
174 40.113 113.321 2e-05 244E011059
175 34.286 108.973 2e-05 211E009058
176 33.617 119.039 2e-05 224E009060
177 38.934 121.635 2e-05 202E010061
178 38.062 114.522 2e-05 211E010059
179 34.345 109.058 2e-05 211E009058
180 35.434 116.608 2e-05 192E009060
181 34.539 113.876 2e-05 214E009059
182 37.894 112.591 2e-05 224E010059
183 29.604 106.379 2e-05 223E008057
184 43.906 125.346 2e-05 194E011062
185 30.546 114.381 2e-05 211E008059
186 30.965 117.881 2e-05 203E008060
187 31.504 104.645 2e-05 192E008057
188 24.958 118.643 2e-05 234E007060
189 32.084 112.167 2e-05 243E009059
190 30.221 115.118 2e-05 211E008059
191 36.648 101.785 2e-05 244E010056
192 23.422 113.248 2e-05 194E006059
193 36.092 120.405 2e-05 241E010061
194 25.872 114.912 2e-05 221E007059
195 36.114 103.745 2e-05 242E010056
196 40.019 116.362 2e-05 242E011060
197 31.883 117.304 2e-05 193E008060
198 27.726 106.932 2e-05 194E007057
199 31.374 119.809 2e-05 194E008060
200 30.602 114.336 2e-05 211E008059
201 28.216 112.003 2e-05 243E008059
202 18.275 109.527 2e-05 212E005058
203 30.698 104.082 2e-05 202E008057
204 34.768 113.641 2e-05 204E009059
205 36.695 117.028 2e-05 233E010060
206 31.252 121.469 2e-05 201E008061
207 22.837 108.384 2e-05 201E006058
208 43.928 125.317 2e-05 194E011062
209 22.569 114.094 2e-05 211E006059
210 29.582 106.573 2e-05 224E008057
211 45.773 126.672 2e-05 221E012062
212 25.072 102.718 2e-05 231E007056
213 28.259 112.976 2e-05 244E008059
214 43.851 87.644 2e-05 193E011052
215 20.052 110.372 2e-05 242E006058
216 26.105 119.336 2e-05 214E007060
217 39.934 116.437 2e-05 192E010060
218 40.848 111.781 2e-05 233E011058
219 18.283 109.521 2e-05 212E005058
220 31.851 117.257 2e-05 193E008060
221 30.838 108.415 2e-05 201E008058
222 24.509 118.119 2e-05 243E007060
223 41.826 123.459 2e-05 223E011061
224 37.887 113.615 2e-05 224E010059
225 30.689 104.096 2e-05 202E008057
226 38.497 106.306 2e-05 213E010057
227 27.126 114.924 2e-05 201E007059
228 28.706 116.029 2e-05 232E008060
229 30.317 120.183 2e-05 211E008061
230 34.297 118.023 2e-05 213E009060
231 40.123 113.331 2e-05 244E011059
232 34.296 108.983 2e-05 211E009058
233 33.627 119.049 2e-05 224E009060
234 38.944 121.645 2e-05 202E010061
235 38.072 114.532 2e-05 211E010059
236 34.355 109.068 2e-05 211E009058
237 35.444 116.618 2e-05 192E009060
238 34.549 113.886 2e-05 214E009059
239 37.904 112.601 2e-05 224E010059
240 29.614 106.389 2e-05 223E008057
241 43.916 125.356 2e-05 194E011062
242 30.556 114.391 2e-05 211E008059
243 30.975 117.891 2e-05 203E008060
244 31.514 104.655 2e-05 192E008057
245 24.968 118.653 2e-05 234E007060
246 32.094 112.177 2e-05 243E009059
247 30.231 115.128 2e-05 211E008059
248 36.658 101.795 2e-05 244E010056
249 23.432 113.258 2e-05 194E006059
250 36.102 120.415 2e-05 241E010061
251 25.882 114.922 2e-05 221E007059
252 36.124 103.755 2e-05 242E010056
253 40.029 116.372 2e-05 242E011060
254 31.893 117.314 2e-05 193E008060
255 27.736 106.942 2e-05 194E007057
256 31.384 119.819 2e-05 194E008060
257 30.612 114.346 2e-05 211E008059
258 28.226 112.013 2e-05 243E008059
259 18.285 109.537 2e-05 212E005058
260 30.708 104.092 2e-05 202E008057
261 34.778 113.651 2e-05 204E009059
262 36.705 117.038 2e-05 233E010060
263 31.262 121.479 2e-05 201E008061
264 22.847 108.394 2e-05 201E006058
265 43.938 125.327 2e-05 194E011062
266 22.579 114.104 2e-05 211E006059
267 29.592 106.583 2e-05 224E008057
268 45.783 126.682 2e-05 221E012062
269 25.082 102.728 2e-05 231E007056
270 28.269 112.986 2e-05 244E008059
271 43.861 87.654 2e-05 193E011052
272 20.062 110.382 2e-05 242E006058
273 26.115 119.346 2e-05 214E007060
274 39.944 116.447 2e-05 192E010060
275 40.858 111.791 2e-05 233E011058
276 18.293 109.531 2e-05 212E005058
277 31.861 117.267 2e-05 193E008060
278 30.848 108.425 2e-05 201E008058
279 24.519 118.129 2e-05 243E007060
280 41.836 123.469 2e-05 223E011061
281 37.897 113.625 2e-05 224E010059
282 30.699 104.106 2e-05 202E008057
283 38.507 106.316 2e-05 213E010057
284 27.136 114.934 2e-05 201E007059
285 28.716 116.039 2e-05 232E008060
286 30.327 120.193 2e-05 211E008061
287 34.307 118.033 2e-05 213E009060
288 40.133 113.341 2e-05 244E011059
289 34.306 108.993 2e-05 211E009058
290 33.637 119.059 2e-05 224E009060
291 38.954 121.655 2e-05 202E010061
292 38.082 114.542 2e-05 211E010059
293 34.365 109.078 2e-05 211E009058
294 35.454 116.628 2e-05 192E009060
295 34.559 113.896 2e-05 214E009059
296 37.914 112.611 2e-05 224E010059
297 29.624 106.399 2e-05 223E008057
298 43.926 125.366 2e-05 194E011062
299 30.566 114.401 2e-05 211E008059
300 30.985 117.901 2e-05 203E008060
------------（2）------------
1 39.876 116.345 2e-05 192E010060
2 41.789 123.456 2e-05 223E011061
3 34.234 108.901 2e-05 211E009058
4 28.567 112.345 2e-05 243E008059
5 36.789 119.012 2e-05 234E010060
6 25.678 100.123 2e-05 223E007056
7 30.234 114.345 2e-05 211E008059
8 32.567 120.456 2e-05 241E009061
9 36.123 117.89 2e-05 243E010060
10 29.456 106.789 2e-05 224E008057
11 40.012 115.678 2e-05 242E011059
12 31.567 121.234 2e-05 191E008061
13 23.789 102.345 2e-05 191E006056
14 35.678 118.901 2e-05 194E009060
15 24.345 109.012 2e-05 241E007058
16 37.89 113.456 2e-05 224E010059
17 34.567 122.345 2e-05 212E009061
18 27.123 105.678 2e-05 203E007057
19 38.456 111.234 2e-05 213E010058
20 42.89 124.012 2e-05 203E011062
21 31.789 107.89 2e-05 194E008057
22 30.567 119.456 2e-05 214E008060
23 26.123 104.345 2e-05 212E007057
24 35.456 116.789 2e-05 192E009060
25 43.901 125.678 2e-05 194E011062
26 29.876 101.234 2e-05 224E008056
27 33.456 117.012 2e-05 223E009060
28 36.789 120.789 2e-05 231E010061
29 25.123 108.456 2e-05 231E007058
30 39.012 114.567 2e-05 201E010059
31 37.892 115.763 2e-05 222E010059
32 26.581 108.224 2e-05 211E007058
33 31.229 121.487 2e-05 201E008061
34 36.061 103.835 2e-05 242E010056
35 22.543 114.068 2e-05 211E006059
36 43.896 125.317 2e-05 194E011062
37 23.129 113.259 2e-05 204E006059
38 36.67 117.004 2e-05 233E010060
39 29.563 106.551 2e-05 224E008057
40 26.075 119.306 2e-05 214E007060
41 20.026 110.342 2e-05 242E006058
42 45.742 126.642 2e-05 221E012062
43 43.825 87.618 2e-05 193E011052
44 25.038 102.709 2e-05 231E007056
45 28.228 112.938 2e-05 244E008059
46 39.904 116.407 2e-05 192E010060
47 40.818 111.751 2e-05 233E011058
48 18.253 109.491 2e-05 211E005058
49 31.821 117.227 2e-05 193E008060
50 30.808 108.385 2e-05 201E008058
51 24.479 118.089 2e-05 243E007060
52 41.796 123.429 2e-05 223E011061
53 37.857 113.585 2e-05 224E010059
54 30.659 104.066 2e-05 212E008057
55 38.467 106.276 2e-05 213E010057
56 27.096 114.894 2e-05 201E007059
57 28.676 115.999 2e-05 232E008059
58 30.287 120.153 2e-05 211E008061
59 34.267 117.993 2e-05 213E009060
60 40.093 113.301 2e-05 244E011059
61 34.266 108.953 2e-05 211E009058
62 33.597 119.019 2e-05 224E009060
63 38.914 121.615 2e-05 202E010061
64 38.042 114.502 2e-05 211E010059
65 34.325 109.038 2e-05 211E009058
66 35.414 116.588 2e-05 192E009060
67 34.519 113.856 2e-05 214E009059
68 37.874 112.571 2e-05 224E010059
69 29.584 106.359 2e-05 223E008057
70 43.886 125.326 2e-05 194E011062
71 30.526 114.361 2e-05 211E008059
72 30.945 117.861 2e-05 203E008060
73 31.484 104.625 2e-05 192E008057
74 24.938 118.623 2e-05 234E007060
75 32.064 112.147 2e-05 243E009059
76 30.201 115.098 2e-05 211E008059
77 36.628 101.765 2e-05 244E010056
78 23.402 113.228 2e-05 194E006059
79 36.072 120.385 2e-05 241E010061
80 25.852 114.892 2e-05 221E007059
81 36.094 103.725 2e-05 242E010056
82 39.999 116.342 2e-05 192E010060
83 31.863 117.284 2e-05 193E008060
84 27.706 106.912 2e-05 194E007057
85 31.354 119.789 2e-05 194E008060
86 30.582 114.316 2e-05 211E008059
87 28.196 112.983 2e-05 244E008059
88 18.255 109.507 2e-05 212E005058
89 30.678 104.062 2e-05 202E008057
90 34.748 113.621 2e-05 204E009059
91 36.675 117.008 2e-05 233E010060
92 31.232 121.449 2e-05 201E008061
93 22.817 108.364 2e-05 201E006058
94 43.908 125.297 2e-05 194E011062
95 22.549 114.074 2e-05 211E006059
96 29.562 106.553 2e-05 224E008057
97 45.753 126.652 2e-05 221E012062
98 25.052 102.698 2e-05 231E007056
99 28.239 112.956 2e-05 244E008059
100 43.831 87.624 2e-05 193E011052
101 20.032 110.352 2e-05 242E006058
102 26.085 119.316 2e-05 214E007060
103 39.914 116.417 2e-05 192E010060
104 40.828 111.761 2e-05 233E011058
105 18.263 109.501 2e-05 212E005058
106 31.831 117.237 2e-05 193E008060
107 30.818 108.395 2e-05 201E008058
108 24.489 118.099 2e-05 243E007060
109 41.806 123.439 2e-05 223E011061
110 37.867 113.595 2e-05 224E010059
111 30.669 104.076 2e-05 202E008057
112 38.477 106.286 2e-05 213E010057
113 27.106 114.904 2e-05 201E007059
114 28.686 116.009 2e-05 232E008060
115 30.297 120.163 2e-05 211E008061
116 34.277 118.003 2e-05 213E009060
117 40.103 113.311 2e-05 244E011059
118 34.276 108.963 2e-05 211E009058
119 33.607 119.029 2e-05 224E009060
120 38.924 121.625 2e-05 202E010061
121 38.052 114.512 2e-05 211E010059
122 34.335 109.048 2e-05 211E009058
123 35.424 116.598 2e-05 192E009060
124 34.529 113.866 2e-05 214E009059
125 37.884 112.581 2e-05 224E010059
126 29.594 106.369 2e-05 223E008057
127 43.896 125.336 2e-05 194E011062
128 30.536 114.371 2e-05 211E008059
129 30.955 117.871 2e-05 203E008060
130 31.494 104.635 2e-05 192E008057
131 24.948 118.633 2e-05 234E007060
132 32.074 112.157 2e-05 243E009059
133 30.211 115.108 2e-05 211E008059
134 36.638 101.775 2e-05 244E010056
135 23.412 113.238 2e-05 194E006059
136 36.082 120.395 2e-05 241E010061
137 25.862 114.902 2e-05 221E007059
138 36.104 103.735 2e-05 242E010056
139 40.009 116.352 2e-05 242E011060
140 31.873 117.294 2e-05 193E008060
141 27.716 106.922 2e-05 194E007057
142 31.364 119.799 2e-05 194E008060
143 30.592 114.326 2e-05 211E008059
144 28.206 112.993 2e-05 244E008059
145 18.265 109.517 2e-05 212E005058
146 30.688 104.072 2e-05 202E008057
147 34.758 113.631 2e-05 204E009059
148 36.685 117.018 2e-05 233E010060
149 31.242 121.459 2e-05 201E008061
150 22.827 108.374 2e-05 201E006058
151 43.918 125.307 2e-05 194E011062
152 22.559 114.084 2e-05 211E006059
153 29.572 106.563 2e-05 224E008057
154 45.763 126.662 2e-05 221E012062
155 25.062 102.708 2e-05 231E007056
156 28.249 112.966 2e-05 244E008059
157 43.841 87.634 2e-05 193E011052
158 20.042 110.362 2e-05 242E006058
159 26.095 119.326 2e-05 214E007060
160 39.924 116.427 2e-05 192E010060
161 40.838 111.771 2e-05 233E011058
162 18.273 109.511 2e-05 212E005058
163 31.841 117.247 2e-05 193E008060
164 30.828 108.405 2e-05 201E008058
165 24.499 118.109 2e-05 243E007060
166 41.816 123.449 2e-05 223E011061
167 37.877 113.605 2e-05 224E010059
168 30.679 104.086 2e-05 202E008057
169 38.487 106.296 2e-05 213E010057
170 27.116 114.914 2e-05 201E007059
171 28.696 116.019 2e-05 232E008060
172 30.307 120.173 2e-05 211E008061
173 34.287 118.013 2e-05 213E009060
174 40.113 113.321 2e-05 244E011059
175 34.286 108.973 2e-05 211E009058
176 33.617 119.039 2e-05 224E009060
177 38.934 121.635 2e-05 202E010061
178 38.062 114.522 2e-05 211E010059
179 34.345 109.058 2e-05 211E009058
180 35.434 116.608 2e-05 192E009060
181 34.539 113.876 2e-05 214E009059
182 37.894 112.591 2e-05 224E010059
183 29.604 106.379 2e-05 223E008057
184 43.906 125.346 2e-05 194E011062
185 30.546 114.381 2e-05 211E008059
186 30.965 117.881 2e-05 203E008060
187 31.504 104.645 2e-05 192E008057
188 24.958 118.643 2e-05 234E007060
189 32.084 112.167 2e-05 243E009059
190 30.221 115.118 2e-05 211E008059
191 36.648 101.785 2e-05 244E010056
192 23.422 113.248 2e-05 194E006059
193 36.092 120.405 2e-05 241E010061
194 25.872 114.912 2e-05 221E007059
195 36.114 103.745 2e-05 242E010056
196 40.019 116.362 2e-05 242E011060
197 31.883 117.304 2e-05 193E008060
198 27.726 106.932 2e-05 194E007057
199 31.374 119.809 2e-05 194E008060
200 30.602 114.336 2e-05 211E008059
201 28.216 112.003 2e-05 243E008059
202 18.275 109.527 2e-05 212E005058
203 30.698 104.082 2e-05 202E008057
204 34.768 113.641 2e-05 204E009059
205 36.695 117.028 2e-05 233E010060
206 31.252 121.469 2e-05 201E008061
207 22.837 108.384 2e-05 201E006058
208 43.928 125.317 2e-05 194E011062
209 22.569 114.094 2e-05 211E006059
210 29.582 106.573 2e-05 224E008057
211 45.773 126.672 2e-05 221E012062
212 25.072 102.718 2e-05 231E007056
213 28.259 112.976 2e-05 244E008059
214 43.851 87.644 2e-05 193E011052
215 20.052 110.372 2e-05 242E006058
216 26.105 119.336 2e-05 214E007060
217 39.934 116.437 2e-05 192E010060
218 40.848 111.781 2e-05 233E011058
219 18.283 109.521 2e-05 212E005058
220 31.851 117.257 2e-05 193E008060
221 30.838 108.415 2e-05 201E008058
222 24.509 118.119 2e-05 243E007060
223 41.826 123.459 2e-05 223E011061
224 37.887 113.615 2e-05 224E010059
225 30.689 104.096 2e-05 202E008057
226 38.497 106.306 2e-05 213E010057
227 27.126 114.924 2e-05 201E007059
228 28.706 116.029 2e-05 232E008060
229 30.317 120.183 2e-05 211E008061
230 34.297 118.023 2e-05 213E009060
231 40.123 113.331 2e-05 244E011059
232 34.296 108.983 2e-05 211E009058
233 33.627 119.049 2e-05 224E009060
234 38.944 121.645 2e-05 202E010061
235 38.072 114.532 2e-05 211E010059
236 34.355 109.068 2e-05 211E009058
237 35.444 116.618 2e-05 192E009060
238 34.549 113.886 2e-05 214E009059
239 37.904 112.601 2e-05 224E010059
240 29.614 106.389 2e-05 223E008057
241 43.916 125.356 2e-05 194E011062
242 30.556 114.391 2e-05 211E008059
243 30.975 117.891 2e-05 203E008060
244 31.514 104.655 2e-05 192E008057
245 24.968 118.653 2e-05 234E007060
246 32.094 112.177 2e-05 243E009059
247 30.231 115.128 2e-05 211E008059
248 36.658 101.795 2e-05 244E010056
249 23.432 113.258 2e-05 194E006059
250 36.102 120.415 2e-05 241E010061
251 25.882 114.922 2e-05 221E007059
252 36.124 103.755 2e-05 242E010056
253 40.029 116.372 2e-05 242E011060
254 31.893 117.314 2e-05 193E008060
255 27.736 106.942 2e-05 194E007057
256 31.384 119.819 2e-05 194E008060
257 30.612 114.346 2e-05 211E008059
258 28.226 112.013 2e-05 243E008059
259 18.285 109.537 2e-05 212E005058
260 30.708 104.092 2e-05 202E008057
261 34.778 113.651 2e-05 204E009059
262 36.705 117.038 2e-05 233E010060
263 31.262 121.479 2e-05 201E008061
264 22.847 108.394 2e-05 201E006058
265 43.938 125.327 2e-05 194E011062
266 22.579 114.104 2e-05 211E006059
267 29.592 106.583 2e-05 224E008057
268 45.783 126.682 2e-05 221E012062
269 25.082 102.728 2e-05 231E007056
270 28.269 112.986 2e-05 244E008059
271 43.861 87.654 2e-05 193E011052
272 20.062 110.382 2e-05 242E006058
273 26.115 119.346 2e-05 214E007060
274 39.944 116.447 2e-05 192E010060
275 40.858 111.791 2e-05 233E011058
276 18.293 109.531 2e-05 212E005058
277 31.861 117.267 2e-05 193E008060
278 30.848 108.425 2e-05 201E008058
279 24.519 118.129 2e-05 243E007060
280 41.836 123.469 2e-05 223E011061
281 37.897 113.625 2e-05 224E010059
282 30.699 104.106 2e-05 202E008057
283 38.507 106.316 2e-05 213E010057
284 27.136 114.934 2e-05 201E007059
285 28.716 116.039 2e-05 232E008060
286 30.327 120.193 2e-05 211E008061
287 34.307 118.033 2e-05 213E009060
288 40.133 113.341 2e-05 244E011059
289 34.306 108.993 2e-05 211E009058
290 33.637 119.059 2e-05 224E009060
291 38.954 121.655 2e-05 202E010061
292 38.082 114.542 2e-05 211E010059
293 34.365 109.078 2e-05 211E009058
294 35.454 116.628 2e-05 192E009060
295 34.559 113.896 2e-05 214E009059
296 37.914 112.611 2e-05 224E010059
297 29.624 106.399 2e-05 223E008057
298 43.926 125.366 2e-05 194E011062
299 30.566 114.401 2e-05 211E008059
300 30.985 117.901 2e-05 203E008060
------------（3）------------
5 36.789 119.012 4e-06 41E010060
10 29.456 106.789 4e-06 41E008057
15 24.345 109.012 4e-06 41E007058
20 42.89 124.012 4e-06 41E011062
25 43.901 125.678 4e-06 41E011062
30 39.012 114.567 4e-06 41E010059
35 22.543 114.068 4e-06 41E006059
40 26.075 119.306 4e-06 41E007060
45 28.228 112.938 4e-06 41E008059
50 30.808 108.385 4e-06 41E008058
55 38.467 106.276 4e-06 41E010057
60 40.093 113.301 4e-06 41E011059
65 34.325 109.038 4e-06 41E009058
70 43.886 125.326 4e-06 41E011062
75 32.064 112.147 4e-06 41E009059
80 25.852 114.892 4e-06 41E007059
85 31.354 119.789 4e-06 41E008060
90 34.748 113.621 4e-06 41E009059
95 22.549 114.074 4e-06 41E006059
100 43.831 87.624 4e-06 41E011052
105 18.263 109.501 4e-06 41E005058
110 37.867 113.595 4e-06 41E010059
115 30.297 120.163 4e-06 41E008061
120 38.924 121.625 4e-06 41E010061
125 37.884 112.581 4e-06 41E010059
130 31.494 104.635 4e-06 41E008057
135 23.412 113.238 4e-06 41E006059
140 31.873 117.294 4e-06 41E008060
145 18.265 109.517 4e-06 41E005058
150 22.827 108.374 4e-06 41E006058
155 25.062 102.708 4e-06 41E007056
160 39.924 116.427 4e-06 41E010060
165 24.499 118.109 4e-06 41E007060
170 27.116 114.914 4e-06 41E007059
175 34.286 108.973 4e-06 41E009058
180 35.434 116.608 4e-06 41E009060
185 30.546 114.381 4e-06 41E008059
190 30.221 115.118 4e-06 41E008059
195 36.114 103.745 4e-06 41E010056
200 30.602 114.336 4e-06 41E008059
205 36.695 117.028 4e-06 41E010060
210 29.582 106.573 4e-06 41E008057
215 20.052 110.372 4e-06 41E006058
220 31.851 117.257 4e-06 41E008060
225 30.689 104.096 4e-06 41E008057
230 34.297 118.023 4e-06 41E009060
235 38.072 114.532 4e-06 41E010059
240 29.614 106.389 4e-06 41E008057
245 24.968 118.653 4e-06 41E007060
250 36.102 120.415 4e-06 41E010061
255 27.736 106.942 4e-06 41E007057
260 30.708 104.092 4e-06 41E008057
265 43.938 125.327 4e-06 41E011062
270 28.269 112.986 4e-06 41E008059
275 40.858 111.791 4e-06 41E011058
280 41.836 123.469 4e-06 41E011061
285 28.716 116.039 4e-06 41E008060
290 33.637 119.059 4e-06 41E009060
295 34.559 113.896 4e-06 41E009059
300 30.985 117.901 4e-06 41E008060
------------（4）------------
268 45.783 126.682 0.0002 1714E012062
------------（5）------------
48 18.253 109.491 1e-05 111E005058
------------（6）------------
268 45.783 126.682 4e-06 41E012062
------------（7）------------
43 43.825 87.618 4e-06 41E011052
------------（8）------------
203 30.698 104.082 4e-06 11A008057
203 30.698 104.082 4e-06 21B008057
203 30.698 104.082 4e-06 41C008057
203 30.698 104.082 4e-06 101D008057
203 30.698 104.082 4e-06 202E008057
203 30.698 104.082 4e-06 403F008057
203 30.698 104.082 4e-06 806G008057
203 30.698 104.082 4e-06 16012H008057
